#		move/rotation body					move/rotation head				eyes			left mustache			right mustache			top hat			left arm			right arm			left leg			right leg
0		0	1	-2	0.8	0	0	0			0	0	0	0	0	0			0	0			0	0	0	0			0	0	0	0			0	0			0	0	110			0	0	-110			0	0	90			0	0	0
15 		0	1	0	0.8	0	1400	0			0	0	0	0	0	0			0	0			0	0	0	0			0	0	0	0			0	0			0	0 110			0	0	-110			0	0	90			0	0	0
20		0	1	0	0.8	0	0	0			0	0	0	0	0	0			0	0			0	0	0	0			0	0	0	0			0	0			0	0	110			0	0	-110			0	0	90			0	0	0
22		0	0	0	0.8	0	0	0			0	0	0	0	0	0			0	0			0	0	0	0			0	0	0	0			0	0			0	0	0			0	0	0			0	0	0			0	0	0
26		0	0	0	0.8	0	0	0			0	0	0	0	0	0			0	0			0	0	0	0			0	0	0	0			0	0			0	0	0			0	0	-190			0	0	0			0	0	0
29		0	0	0	0.8 0	0	0			0	0	0	0	0	0			0	0			0	0	0	0			0	0	0	0			1	0			0	0	0			0	0	-190			0	0	0			0	0	0
31		0	0	0	0.8	0	0	0			0	0	0	0	0	0			0	0			0	0	0	0			0	0	0	0			0	0			0	0	0			0	0	-190			0	0	0			0	0	0
34		0	0	0	0.8	60	0	0			0	0	0	0	0	0			0	0			0	0	0	0			0	0	0	0			0	0			0	0	0			0	0	0			-60	0	0			-60	0	0
37		0	0	0	0.8	60	0	0			0	0	0	0	0	0			0	0			0	0	0	0			0	0	0	0			0	0			0	0	0			0	0	0			-60	0	0			-60	0	0
40		0	0	0	0.8	0	45	0			0	0	0	0	0	0			0	0			0	0	0	0			0	0	0	0			0	0			0	0	0			0	0	0			0	0	0			0	0	0
44		0	0	0	0.8	60	45	0			0	0	0	0	0	0			0	0			0	0	0	0			0	0	0	0			0	0			0	0	0			0	0	0			-60	0	0			-60	0	0
47		0	0	0	0.8	60	45	0			0	0	0	0	0	0			0	0			0	0	0	0			0	0	0	0			0	0			0	0	0			0	0	0			-60	0	0			-60	0	0
50		0	0	0	0.8	0	0	0			0	0	0	0	0	0			0	0			0	0	0	0			0	0	0	0			0	0			0	0	0			0	0	0			0	0	0			0	0	0
54		0	0	0	0.8	60	-45	0			0	0	0	0	0	0			0	0			0	0	0	0			0	0	0	0			0	0			0	0	0			0	0	0			-60	0	0			-60	0	0
57		0	0	0	0.8	60	-45	0			0	0	0	0	0	0			0	0			0	0	0	0			0	0	0	0			0	0			0	0	0			0	0	0			-60	0	0			-60	0	0
60		0	0	0	0.8	0	-45	0			0	0	0	0	0	0			0	0			0	0	0	0			0	0	0	0			0	0			0	0	0			0	0	0			0	0	0			0	0	0
65		0	0.5	0	0.8	0	0	-30			0	0	0	0	0	0			0	0			0	0	0	0			0	0	0	0			0	0			0	0	130			0	0	-130			0	0	0			0	0	0
70		1	0.5	0	0.8	0	0	-30			0	0	0	0	0	0			0	0			0	0	0	0			0	0	0	0			0	0			0	0	0			0	0	0			0	0	0			0	0	0
75		2	0.5	0	0.8	0	0	-30			0	0	0	0	0	0			0	0			0	0	0	0			0	0	0	0			0	0			0	0	130			0	0	-130			0	0	0			0	0	0
80		3	0.5	0	0.8	0	0	-30			0	0	0	0	0	0			0	0			0	0	0	0			0	0	0	0			0	0			0	0	0			0	0	0			0	0	0			0	0	0
85		2	0.5	0	0.8	0	0	30			0	0	0	0	0	0			0	0			0	0	0	0			0	0	0	0			0	0			0	0	130			0	0	-130			0	0	0			0	0	0
90		1	0.5	0	0.8	0	0	30			0	0	0	0	0	0			0	0			0	0	0	0			0	0	0	0			0	0			0	0	0			0	0	0			0	0	0			0	0	0
95		0	0.5	0	0.8	0	0	30			0	0	0	0	0	0			0	0			0	0	0	0			0	0	0	0			0	0			0	0	130			0	0	-130			0	0	0			0	0	0
100		-1	0.5	0	0.8	0	0	30			0	0	0	0	0	0			0	0			0	0	0	0			0	0	0	0			0	0			0	0	0			0	0	0			0	0	0			0	0	0
105		-2	0.5	0	0.8	0	0	30			0	0	0	0	0	0			0	0			0	0	0	0			0	0	0	0			0	0			0	0	130			0	0	-130			0	0	0			0	0	0
110		-3	0.5	0	0.8	0	0	30			0	0	0	0	0	0			0	0			0	0	0	0			0	0	0	0			0	0			0	0	0			0	0	0			0	0	0			0	0	0
115		-2	0.5	0	0.8	0	0	-30			0	0	0	0	0	0			0	0			0	0	0	0			0	0	0	0			0	0			0	0	130			0	0	-130			0	0	0			0	0	0
120		-1	0.5	0	0.8	0	0	-30			0	0	0	0	0	0			0	0			0	0	0	0			0	0	0	0			0	0			0	0	0			0	0	0			0	0	0			0	0	0
122		0	0	0	0.8 0	0	-30			0	0	0	0	0	0			0	0			0	0	0	0			0	0	0	0			1	1400			0	0	0			0	0	-190			0	0	0			0	0	0
125		0	0	0	0.8 0	0	0			0	0	0	0	0	0			-0.5	0			0	0	0	-90		0	0	0	-90			0	0			0	0	0			30	0	-180			0	0	0			0	0	0
128		0	0	0	0.8 0	0	0			0	0	0	0	0	0			0	-0.5			0	0	0	-180	0	0	0	-180			0	0			0	0	0			0	0	-190			0	0	0			0	0	0
131		0	0	0	0.8 0	0	0			0	0	0	0	0	0			-0.5	0			0	0	0	-270			0	0	0	-270			0	0			0	0	0			0	0	-190			0	0	0			0	0	0
134		0	0	0	0.8 0	0	0			0	0	0	0	0	0			0	-0.5			0	0	0	-360			0	0	0	-360			0	0			0	0	0			0	0	-190			0	0	0			0	0	0
137		0	0	0	0.8 0	0	0			0	0	0	0	0	0			-0.5	0			0	0	0	-270			0	0	0	-270			0	0			0	0	0			0	0	-190			0	0	0			0	0	0
140		0	0	0	0.8 0	0	0			0	0	0	0	0	0			0	-0.5			0	0	0	-180			0	0	0	-180			0	0			0	0	0			0	0	-190			0	0	0			0	0	0
143		0	0	0	0.8 0	0	0			0	0	0	0	0	0			-0.5	0			0	0	0	0			0	0	0	0			0	0			0	0	0			0	0	-190			0	0	0			0	0	0
146		0	0	0	0.8 0	0	0			0	0	0	0	0	0			0	0			0	0	0	0			0	0	0	0			1	0			0	0	0			0	0	-160			0	0	0			0	0	0
148		0	0	0	0.8 0	0	0			0	0	0	0	0	0			0	0			0	0	0	0			0	0	0	0			1	40			0	0	0			0	0	-190			0	0	0			0	0	0
151		0	0	0	0.8 0	0	0			0	0	0	0	0	0			0	0			0	0	0	0			0	0	0	0			1	-40			0	0	0			0	0	-170			0	0	0			0	0	0
154		0	0	0	0.8 0	0	0			0	0	0	0	0	0			0	0			0	0	0	0			0	0	0	0			1	40			0	0	110			0	0	-110			0	0	0			0	0	0
158		0	0	0	0.6 0	0	0			0	0	0	0	0	0			0	0			0	0	0	0			0	0	0	0			1	-40			0	0	110			0	0	-110			0	0	0			0	0	0
162		0	0	0	0.4 0	0	0			0	0	0	0	0	0			0	0			0	0	0	0			0	0	0	0			1	40			0	0	110			0	0	-110			0	0	0			0	0	0
166		0	0	0	0.2 0	0	0			0	0	0	0	0	0			0	0			0	0	0	0			0	0	0	0			1	-40			0	0	110			0	0	-110			0	0	0			0	0	0
170		0	0	0	0.1 0	0	0			0	0	0	0	0	0			0	0			0	0	0	0			0	0	0	0			1	40			0	0	110			0	0	-110			0	0	0			0	0	0
174		0	0	-0.75	0.1 0	180	30			0	0	0	0	0	0			0	0			0	0	0	0			0	0	0	0			0	0			0	0	110			0	0	-110			0	0	0			0	0	0
178		0	0	-1.25	0.1 0	180	-30			0	0	0	0	0	0			0	0			0	0	0	0			0	0	0	0			0	0			0	0	110			0	0	-110			0	0	0			0	0	0
182		0	0	-2	0.1 0	180	30			0	0	0	0	0	0			0	0			0	0	0	0			0	0	0	0			0	0			0	0	110			0	0	-110			0	0	0			0	0	0